Accuracy: 73.98%, Avg loss: 1.096048

Accuracy: 73.83%, Avg loss: 1.108047